198 -73
-172 214
-254 -101
-263 142
86 287
198 42
160 29
-236 -119
160 -58
189 268
184 -285
139 -255
-226 175
-227 -169
-43 116
-90 -77
158 195
262 -138
-198 -186
228 57
-266 -90
-100 58
-261 -41
134 0
-172 -37
-23 -69
-141 113
3 -298
168 54
298 -218
11 129
-220 -92
298 265
-115 265
232 283
145 -58
-62 -161
89 32
-128 217
-48 -92
-261 -9
-259 -274
225 -174
-245 123
-148 171
-259 -249
-81 178
146 138
139 -163
-84 -276
138 -126
-21 141
163 -205
293 30
171 286
-107 12
51 -235
25 -282
44 -276
243 215
-277 -219
11 58
293 11
-21 170
-296 -279
-168 79
-246 -290
61 92
-171 -151
194 124
270 -159
-271 289
158 186
-215 263
-45 42
-107 269
84 -172
-169 -107
-109 94
205 133
-115 -167
162 -194
-186 31
-53 4
26 -20
193 -260
-47 91
221 44
-37 -113
224 103
-223 -149
-222 291
-217 235
130 108
138 43
-295 -287
95 215
-169 -166
124 -114
-229 -256

